service_id,monday,tuesday,wednesday,thursday,friday,saturday,sunday,start_date,end_date
0000000012015091020160624,1,1,1,1,1,1,1,20150910,20160624
0000000012015091820160624,1,1,1,1,1,1,1,20150918,20160624
0000000012015101220160624,1,1,1,1,1,1,1,20151012,20160624
0000000012015111020160624,1,1,1,1,1,1,1,20151110,20160624
0000000012015120820160329,1,1,1,1,1,1,1,20151208,20160329
0000000012015121320160624,1,1,1,1,1,1,1,20151213,20160624
0000000022015091020160624,1,1,1,1,1,1,0,20150910,20160624
0000000022015091120160624,1,1,1,1,1,1,0,20150911,20160624
0000000022015091420160624,1,1,1,1,1,1,0,20150914,20160624
0000000022015091620160624,1,1,1,1,1,1,0,20150916,20160624
0000000022015091720160624,1,1,1,1,1,1,0,20150917,20160624
0000000022015091820160624,1,1,1,1,1,1,0,20150918,20160624
0000000022015092120160624,1,1,1,1,1,1,0,20150921,20160624
0000000022015092220160624,1,1,1,1,1,1,0,20150922,20160624
0000000022015092320160624,1,1,1,1,1,1,0,20150923,20160624
0000000022015093020160624,1,1,1,1,1,1,0,20150930,20160624
0000000022015100120160624,1,1,1,1,1,1,0,20151001,20160624
0000000022015100220160624,1,1,1,1,1,1,0,20151002,20160624
0000000022015100520160624,1,1,1,1,1,1,0,20151005,20160624
0000000022015100720160624,1,1,1,1,1,1,0,20151007,20160624
0000000022015101220160624,1,1,1,1,1,1,0,20151012,20160624
0000000022015102120160624,1,1,1,1,1,1,0,20151021,20160624
0000000022015102520160624,1,1,1,1,1,1,0,20151025,20160624
0000000022015102720160624,1,1,1,1,1,1,0,20151027,20160624
0000000022015102820160624,1,1,1,1,1,1,0,20151028,20160624
0000000022015110220160624,1,1,1,1,1,1,0,20151102,20160624
0000000022015111020160624,1,1,1,1,1,1,0,20151110,20160624
0000000022015113020160624,1,1,1,1,1,1,0,20151130,20160624
0000000022015120820160106,1,1,1,1,1,1,0,20151208,20160106
0000000022015120820160329,1,1,1,1,1,1,0,20151208,20160329
0000000022015120920160624,1,1,1,1,1,1,0,20151209,20160624
0000000022015121320160624,1,1,1,1,1,1,0,20151213,20160624
0000000022015121720160624,1,1,1,1,1,1,0,20151217,20160624
0000000042015091020160607,1,1,1,1,1,0,0,20150910,20160607
0000000042015091020160624,1,1,1,1,1,0,0,20150910,20160624
0000000042015091120160624,1,1,1,1,1,0,0,20150911,20160624
0000000042015091420160624,1,1,1,1,1,0,0,20150914,20160624
0000000042015091620160624,1,1,1,1,1,0,0,20150916,20160624
0000000042015091820160624,1,1,1,1,1,0,0,20150918,20160624
0000000042015092120160624,1,1,1,1,1,0,0,20150921,20160624
0000000042015092220160624,1,1,1,1,1,0,0,20150922,20160624
0000000042015092320160624,1,1,1,1,1,0,0,20150923,20160624
0000000042015093020160624,1,1,1,1,1,0,0,20150930,20160624
0000000042015101220160624,1,1,1,1,1,0,0,20151012,20160624
0000000042015102720160624,1,1,1,1,1,0,0,20151027,20160624
0000000042015102820160624,1,1,1,1,1,0,0,20151028,20160624
0000000042015110420160624,1,1,1,1,1,0,0,20151104,20160624
0000000042015113020160624,1,1,1,1,1,0,0,20151130,20160624
0000000042015120820160329,1,1,1,1,1,0,0,20151208,20160329
0000000042015121320160612,1,1,1,1,1,0,0,20151213,20160612
0000000042015121320160624,1,1,1,1,1,0,0,20151213,20160624
0000000052015091020160624,1,1,1,1,1,1,0,20150910,20160624
0000000052015091120160624,1,1,1,1,1,1,0,20150911,20160624
0000000052015091220160624,1,1,1,1,1,1,0,20150912,20160624
0000000052015091420160624,1,1,1,1,1,1,0,20150914,20160624
0000000052015091620160624,1,1,1,1,1,1,0,20150916,20160624
0000000052015091720160624,1,1,1,1,1,1,0,20150917,20160624
0000000052015091820160624,1,1,1,1,1,1,0,20150918,20160624
0000000052015091920160624,1,1,1,1,1,1,0,20150919,20160624
0000000052015092120160624,1,1,1,1,1,1,0,20150921,20160624
0000000052015092220160624,1,1,1,1,1,1,0,20150922,20160624
0000000052015092320160624,1,1,1,1,1,1,0,20150923,20160624
0000000052015092420160624,1,1,1,1,1,1,0,20150924,20160624
0000000052015092820160624,1,1,1,1,1,1,0,20150928,20160624
0000000052015093020160624,1,1,1,1,1,1,0,20150930,20160624
0000000052015100220160624,1,1,1,1,1,1,0,20151002,20160624
0000000052015100620160624,1,1,1,1,1,1,0,20151006,20160624
0000000052015101220160624,1,1,1,1,1,1,0,20151012,20160624
0000000052015102720160624,1,1,1,1,1,1,0,20151027,20160624
0000000052015102820160624,1,1,1,1,1,1,0,20151028,20160624
0000000052015111120160624,1,1,1,1,1,1,0,20151111,20160624
0000000052015113020160624,1,1,1,1,1,1,0,20151130,20160624
0000000052015121220160329,1,1,1,1,1,1,0,20151212,20160329
0000000052015121520160624,1,1,1,1,1,1,0,20151215,20160624
0000000052016010120160624,1,1,1,1,1,1,0,20160101,20160624
0000000062015091020160624,1,1,1,1,1,0,0,20150910,20160624
0000000062015091420160624,1,1,1,1,1,0,0,20150914,20160624
0000000062015091520160624,1,1,1,1,1,0,0,20150915,20160624
0000000062015091620160624,1,1,1,1,1,0,0,20150916,20160624
0000000062015091720160624,1,1,1,1,1,0,0,20150917,20160624
0000000062015092120160624,1,1,1,1,1,0,0,20150921,20160624
0000000062015092320160624,1,1,1,1,1,0,0,20150923,20160624
0000000062015092820160624,1,1,1,1,1,0,0,20150928,20160624
0000000062015093020160624,1,1,1,1,1,0,0,20150930,20160624
0000000062015100520160624,1,1,1,1,1,0,0,20151005,20160624
0000000062015101220160624,1,1,1,1,1,0,0,20151012,20160624
0000000062015101920160624,1,1,1,1,1,0,0,20151019,20160624
0000000062015102620160624,1,1,1,1,1,0,0,20151026,20160624
0000000062015102720160624,1,1,1,1,1,0,0,20151027,20160624
0000000062015103020160624,1,1,1,1,1,0,0,20151030,20160624
0000000062015110320160624,1,1,1,1,1,0,0,20151103,20160624
0000000062015110420160624,1,1,1,1,1,0,0,20151104,20160624
0000000062015110920160624,1,1,1,1,1,0,0,20151109,20160624
0000000062015111020160624,1,1,1,1,1,0,0,20151110,20160624
0000000062015111620160624,1,1,1,1,1,0,0,20151116,20160624
0000000062015121320160624,1,1,1,1,1,0,0,20151213,20160624
0000000072015091020160624,0,0,0,0,0,0,1,20150910,20160624
0000000072015091120160624,0,0,0,0,0,0,1,20150911,20160624
0000000072015091420160624,0,0,0,0,0,0,1,20150914,20160624
0000000072015091620160624,0,0,0,0,0,0,1,20150916,20160624
0000000072015091820160624,0,0,0,0,0,0,1,20150918,20160624
0000000072015092120160624,0,0,0,0,0,0,1,20150921,20160624
0000000072015092220160624,0,0,0,0,0,0,1,20150922,20160624
0000000072015092320160624,0,0,0,0,0,0,1,20150923,20160624
0000000072015093020160624,0,0,0,0,0,0,1,20150930,20160624
0000000072015100120160624,0,0,0,0,0,0,1,20151001,20160624
0000000072015100220160624,0,0,0,0,0,0,1,20151002,20160624
0000000072015120820160106,0,0,0,0,0,0,1,20151208,20160106
0000000072015120820160329,0,0,0,0,0,0,1,20151208,20160329
0000000072015121220160329,0,0,0,0,0,0,1,20151212,20160329
0000000072015121320151220,0,0,0,0,0,0,1,20151213,20151220
0000000072015121320160624,0,0,0,0,0,0,1,20151213,20160624
0000000072016010320160103,0,0,0,0,0,0,1,20160103,20160103
0000000092015091020160624,1,1,1,1,1,1,0,20150910,20160624
0000000092015091120160624,1,1,1,1,1,1,0,20150911,20160624
0000000092015091420160624,1,1,1,1,1,1,0,20150914,20160624
0000000092015091520160624,1,1,1,1,1,1,0,20150915,20160624
0000000092015091620160624,1,1,1,1,1,1,0,20150916,20160624
0000000092015091720160624,1,1,1,1,1,1,0,20150917,20160624
0000000092015092120160624,1,1,1,1,1,1,0,20150921,20160624
0000000092015092220160624,1,1,1,1,1,1,0,20150922,20160624
0000000092015092320160624,1,1,1,1,1,1,0,20150923,20160624
0000000092015093020160624,1,1,1,1,1,1,0,20150930,20160624
0000000092015100220160624,1,1,1,1,1,1,0,20151002,20160624
0000000092015101220160624,1,1,1,1,1,1,0,20151012,20160624
0000000092015102720160624,1,1,1,1,1,1,0,20151027,20160624
0000000092015102820160624,1,1,1,1,1,1,0,20151028,20160624
0000000092015113020160624,1,1,1,1,1,1,0,20151130,20160624
0000000092015121220160624,1,1,1,1,1,1,0,20151212,20160624
0000000092015121320160624,1,1,1,1,1,1,0,20151213,20160624
0000000092016010120160624,1,1,1,1,1,1,0,20160101,20160624
0000000302015091020160624,0,0,0,0,0,0,0,20150910,20160624
0000000302015110920160624,0,0,0,0,0,0,0,20151109,20160624
0000000322015091020160624,1,1,1,1,1,1,0,20150910,20160624
0000000352015091020160624,0,0,0,0,0,0,0,20150910,20160624
0000000402015091020160624,0,0,0,0,1,0,0,20150910,20160624
0000000412015091020160624,0,0,1,0,0,0,0,20150910,20160624
0000000412015091620160624,0,0,1,0,0,0,0,20150916,20160624
0000000412015091720160624,0,0,1,0,0,0,0,20150917,20160624
0000000822015091020160624,0,0,0,0,0,1,0,20150910,20160624
0000000822015091520160624,0,0,0,0,0,1,0,20150915,20160624
0000000822015091620160624,0,0,0,0,0,1,0,20150916,20160624
0000000822015091720160624,0,0,0,0,0,1,0,20150917,20160624
0000000822015092320160624,0,0,0,0,0,1,0,20150923,20160624
0000000822015092820160624,0,0,0,0,0,1,0,20150928,20160624
0000000822015093020160624,0,0,0,0,0,1,0,20150930,20160624
0000000822015101220160624,0,0,0,0,0,1,0,20151012,20160624
0000000822015101420160624,0,0,0,0,0,1,0,20151014,20160624
0000000822015102920160624,0,0,0,0,0,1,0,20151029,20160624
0000000822015103020160624,0,0,0,0,0,1,0,20151030,20160624
0000000822015110320160624,0,0,0,0,0,1,0,20151103,20160624
0000000822015111620160624,0,0,0,0,0,1,0,20151116,20160624
0000000822015121320160624,0,0,0,0,0,1,0,20151213,20160624
0000004512015091020160624,0,0,0,0,0,1,0,20150910,20160624
0000004512015091120160624,0,0,0,0,0,1,0,20150911,20160624
0000004512015091420160624,0,0,0,0,0,1,0,20150914,20160624
0000004512015091820160624,0,0,0,0,0,1,0,20150918,20160624
0000004512015093020160624,0,0,0,0,0,1,0,20150930,20160624
0000004512015101420160624,0,0,0,0,0,1,0,20151014,20160624
0000004512015101820160624,0,0,0,0,0,1,0,20151018,20160624
0000004512015102620160624,0,0,0,0,0,1,0,20151026,20160624
0000004512015102820160624,0,0,0,0,0,1,0,20151028,20160624
0000004512015120820160329,0,0,0,0,0,1,0,20151208,20160329
0000004512015121220160329,0,0,0,0,0,1,0,20151212,20160329
0000004512015121320160624,0,0,0,0,0,1,0,20151213,20160624
0000004512015121920151219,0,0,0,0,0,1,0,20151219,20151219
0000004512016010220160102,0,0,0,0,0,1,0,20160102,20160102
0000005902015091020160624,1,1,1,1,1,0,0,20150910,20160624
0000005902015091420160624,1,1,1,1,1,0,0,20150914,20160624
0000005902015092220160624,1,1,1,1,1,0,0,20150922,20160624
0000005902015101220160624,1,1,1,1,1,0,0,20151012,20160624
0000005902015102820160624,1,1,1,1,1,0,0,20151028,20160624
0000005902015111020160624,1,1,1,1,1,0,0,20151110,20160624
0000005902015112420160624,1,1,1,1,1,0,0,20151124,20160624
